845
409 545
338 365
530 433
61 239
37 11
672 668
29 117
288 154
616 175
22 1
20 74
157 178
61 22
279 2
567 649
755 764
74 155
299 510
526 146
99 204
453 248
73 64
84 219
253 492
629 697
121 412
627 439
401 555
7 3
112 194
411 87
624 735
441 127
210 302
516 688
184 192
44 1
180 291
130 821
66 95
146 82
449 308
199 96
86 596
36 403
574 406
326 97
38 18
95 728
333 354
412 551
798 583
139 119
3 9
107 71
57 77
575 547
507 184
191 408
62 486
387 26
709 489
712 550
72 232
553 337
388 111
374 386
7 11
461 185
557 195
136 61
552 20
19 245
224 137
594 678
73 261
811 740
9 220
539 304
161 12
484 668
603 192
12 253
142 65
299 125
645 398
97 274
754 643
8 111
488 736
37 76
592 153
333 336
359 742
225 541
42 8
257 637
439 164
342 78
134 148
32 207
38 359
68 717
307 23
60 48
342 356
225 161
18 297
210 374
92 2
101 214
116 95
352 773
162 177
341 200
114 38
506 429
255 588
658 271
16 17
318 24
345 433
81 515
470 168
281 312
676 786
431 619
123 816
335 529
171 108
97 292
398 491
350 391
684 344
460 268
33 19
50 352
640 23
355 205
15 12
651 304
63 45
157 7
35 64
2 31
285 6
55 269
1 12
586 66
40 20
430 611
100 137
62 319
683 21
2 14
322 284
41 131
306 711
255 343
426 190
94 127
14 36
230 241
799 297
201 56
437 226
402 476
400 789
479 1
471 263
219 543
99 82
257 108
65 450
514 506
12 781
328 301
617 727
8 227
355 444
373 2
250 315
180 406
192 202
464 279
340 291
248 298
318 503
62 490
686 466
520 59
23 20
576 674
52 25
669 150
796 127
90 124
308 828
397 263
416 270
630 79
344 417
605 608
604 215
409 423
624 489
154 117
256 585
377 9
535 339
692 700
612 69
783 785
815 824
159 109
383 224
705 635
290 152
62 35
112 28
59 784
720 412
213 594
124 205
344 20
17 477
67 141
431 570
478 573
464 532
256 582
368 166
248 92
314 97
748 541
58 459
339 256
47 36
84 41
701 602
372 169
5 90
75 16
819 566
485 382
324 549
43 4
414 654
703 192
815 531
248 522
63 468
64 306
563 170
54 271
70 81
106 68
216 84
94 197
108 185
49 462
244 546
396 501
345 297
657 505
290 740
357 319
69 181
750 466
55 626
464 693
702 688
323 262
5 610
581 416
120 533
434 359
27 26
809 662
44 511
156 94
228 505
128 92
213 481
540 468
356 419
348 209
385 271
157 407
7 115
63 655
695 445
782 368
240 73
801 370
679 522
243 825
371 251
468 480
145 35
182 229
424 69
21 3
32 218
225 519
250 442
151 83
454 96
301 81
267 467
92 745
298 435
173 242
429 176
53 638
527 22
431 134
77 347
818 177
126 472
185 772
409 147
589 351
487 650
331 315
461 698
508 436
711 749
32 53
184 211
201 504
164 114
208 840
86 537
22 39
691 431
179 125
203 23
305 140
646 666
5 70
78 88
30 497
214 370
82 44
270 92
511 567
115 835
680 324
844 172
845 395
14 30
362 274
379 83
565 408
167 259
425 301
808 69
96 47
86 618
10 45
208 132
17 158
625 336
21 59
281 178
401 101
86 85
756 247
329 136
614 685
363 361
75 375
172 35
166 30
130 165
752 317
208 652
708 649
17 578
180 70
202 715
629 286
100 105
216 360
122 25
817 693
383 438
282 138
226 218
101 456
71 110
26 133
47 135
390 415
579 523
120 191
347 597
315 358
121 81
690 452
722 322
463 28
176 24
184 613
6 4
72 414
519 601
555 760
63 212
129 111
2 4
79 101
286 448
87 59
55 46
788 435
170 87
4 19
605 134
123 361
228 641
194 382
552 723
509 69
540 547
247 746
233 70
283 252
430 226
644 114
168 289
719 361
278 7
220 606
838 673
266 500
111 188
457 48
763 414
534 732
35 15
747 723
198 9
490 699
241 311
202 759
418 395
272 49
84 367
201 293
732 776
499 600
646 164
308 13
375 556
634 18
235 706
160 23
8 7
793 302
243 483
83 21
714 100
740 766
21 243
16 663
18 1
66 332
31 68
50 599
255 577
97 132
144 35
294 584
426 615
54 33
769 820
148 265
537 595
457 769
102 62
134 122
566 296
344 751
843 602
267 738
284 168
523 687
413 377
93 28
277 187
179 757
67 54
326 538
153 144
78 421
632 344
74 80
205 213
376 823
30 149
350 173
157 404
493 180
109 67
484 239
504 560
4 118
40 126
187 98
631 104
794 802
206 201
41 11
223 173
285 393
346 154
321 165
489 45
422 328
168 193
9 558
20 247
62 221
100 787
620 513
767 711
685 729
216 262
222 494
398 152
2 1
13 28
114 534
56 45
583 505
544 169
17 108
303 420
316 14
200 255
163 133
103 11
453 525
123 98
4 16
14 671
591 328
175 236
405 78
432 184
622 675
135 186
10 303
771 493
716 133
353 33
607 378
209 531
390 353
569 424
199 309
719 743
653 632
466 109
263 523
158 251
44 152
249 562
458 269
384 109
366 313
307 779
350 369
9 26
342 351
69 10
300 161
528 179
9 238
822 567
804 378
325 8
744 211
284 536
56 392
148 587
498 389
13 196
35 50
11 20
89 517
159 330
452 206
190 107
147 102
112 182
58 37
109 125
225 447
19 286
49 29
734 248
252 212
576 235
174 80
512 241
554 200
227 694
572 349
84 230
175 98
223 410
681 436
761 832
218 568
97 70
280 188
125 614
524 401
731 377
60 826
402 136
144 162
276 71
185 399
829 126
696 297
395 22
559 496
292 707
453 661
475 341
670 267
18 814
260 178
202 598
24 32
198 673
138 87
336 496
411 830
3 1
319 478
446 422
258 146
120 101
100 62
234 101
19 57
128 465
327 95
273 659
249 1
334 213
266 220
780 177
254 665
97 389
318 338
225 516
812 316
210 31
143 542
217 642
725 516
337 171
65 38
741 277
810 837
234 296
445 409
609 406
25 89
10 443
3 317
420 617
692 547
275 148
180 737
621 237
165 250
364 47
200 180
196 550
313 6
240 380
394 382
222 203
263 55
561 427
704 390
758 525
267 806
303 633
580 552
266 469
153 807
21 215
160 521
173 5
475 762
810 581
49 72
842 172
273 718
205 482
75 217
5 2
115 254
195 23
153 287
647 368
635 268
125 602
6 189
70 246
368 755
24 143
484 628
500 753
153 169
805 726
313 333
14 244
98 839
138 733
268 205
51 38
140 86
3 689
182 295
378 237
69 78
24 6
85 11
620 724
83 518
660 455
603 713
827 815
310 198
710 682
414 783
177 231
344 800
